50.625
51.25352499973334
51.88559262259867
52.52122057851168
53.16042666433763
53.80322876432615
54.4496448505482
55.09969298333517
55.75339131172026
56.41075807388201
57.071811597590084
57.73657030065329
58.40505269136983
59.077277368979814
59.753263024120066
60.433028439281166
61.11659248926683
61.80397414165555
62.4951924572646
63.19026659061631
63.889215790406716
64.59205939997656
65.29881685778463
66.00950769788348
66.72415155039755
67.44276814200367
68.165377296414
68.89199893486129
69.62265307658674
70.35735983933019
71.09613943982272
71.83901219428192
72.58599851890939
73.33711893039094
74.09239404639919
74.8518445860987
75.61549137065366
76.38335532373812
77.15545747204877
77.93181894582027
78.7124609793432
79.4974049114846
80.28667218621105
81.08028435311451
81.87826306794065
82.68063009311996
83.48740729830138
84.29861666088871
85.11428026657971
85.93442030990785
86.75905909478675
87.58821903505748
88.42192265503843
89.26019259007808
90.10305158711047
90.95052250521346
91.80262831616979
92.65939210503095
93.52083707068391
94.38698652642066
95.25786390051054
96.13349273677561
97.01389669516868
97.89909955235447
98.78912520229348
99.68399765682888
100.58374104627639
101.488379620017
102.39793774709274
103.3124399168054
104.23191073931828
105.15637494626093
106.0858573913369
107.02038305093464
107.95997702474129
108.90466453635972
109.85447093392851
110.80942169074515
111.76954240589232
112.73485880486729
113.70539674021447
114.68118219216122
115.6622412692567
116.64860020901403
117.64028537855565
118.63732327526182
119.63974052742255
120.64756389489261
121.66082026974993
122.67953667695728
123.70374027502723
124.73345835669048
125.76871834956752
126.80954781684368
127.85597445794748
128.9080261092325
129.9657307446626
131.02911647650055
132.09821155600008
133.1730443741016
134.25364346213112
135.34003749250286
136.43225527942533
137.53032577961096
138.63427809298923
139.7441414634234
140.8599452794309
141.98171907490718
143.1094925298534
144.24329547110753
145.38315787307923
146.52910985848848
147.68118169910773
148.8394038165079
150.00380678280814
151.1744213214292
152.35127830785078
153.53440877037238
154.72384389087827
155.91961500560615
157.1217536059196
158.3302913390845
159.54526000904937
160.76669157722935
161.99461816329455
163.2290720459619
164.4700856637914
165.7176916159858
166.97192266319496
168.23281172832364
169.5003918973437
170.7746964201102
172.0557587111817
173.3436123506446
174.63829108494153
175.939828827704
177.24825966058927
178.5636178341213
179.88593776853588
181.21525405463012
182.5516014546161
183.89501490297883
185.2455295073385
186.60318054931705
187.96800348540907
189.34003394785708
190.71930774553115
192.105860864813
193.49972947048437
194.90094990662013
196.3095586974855
197.72559254843804
199.14908834683405
200.58008316293947
202.01861425084545
203.46471904938835
204.91843518307456
206.37980046300973
207.84885288783275
209.32563064465444
210.81017211000093
212.3025158507617
213.80270062514234
215.31076538362225
216.82674926991703
218.3506916219456
219.88263197280227
221.4226100517337
222.97066578512067
224.52683929746485
226.09117091238033
227.6637011535904
229.2444707459291
230.8335206163478
232.43089189492693
234.03662591589264
235.65076421863876
237.27334854875357
238.90442085905198
240.54402331061272
242.1921982738208
243.84898832941516
245.5144362695416
247.18858509881085
248.87147803536214
250.56315851193196
252.26367017692812
253.97305689550936
255.69136275067024
257.41863204433145
259.1549092984357
260.90023925604896
262.65466688246715
264.4182373663287
266.19099612073234
267.9729887843606
269.76426122260904
271.56485952872083
273.37483002492735
275.19421926359445
277.02307402837414
278.86144133536243
280.70936843426273
282.56690280955513
284.43409218167153
286.3109845081768
288.19762798495543
290.0940710474047
292.00036237163346
293.91655087566676
295.842685720657
297.77881631210073
299.7249923010616
301.68126358539973
303.6476803110068
305.6242928730477
307.61115191720796
309.60830834094804
311.6158132947633
313.6337181834506
315.66207466738103
317.70093466377944
319.75035034800976
321.8103741548672
323.8810587798768
325.96245718059845
328.05462257793835
330.1576084574673
332.27146857074524
334.39625693665283
336.5320278427292
338.6788358465168
340.8367357769129
343.00578273552765
345.1860320980491
347.3775395156152
349.58036091619215
351.7945525059604
354.02017077070684
356.2572724772245
358.5059146747189
360.76615469622175
363.03805016001144
365.32165897104073
367.61703932237174
369.92424969661784
372.243348867393
374.57439590076837
376.91745015673587
379.2725712906795
381.6398192548537
384.0192542998694
386.4109369761871
388.8149281356178
391.23128893283126
393.660080826872
396.10136558268243
398.5552052726341
401.02166227806646
403.5007992908331
405.992679314856
408.49736566768746
411.0149219820799
413.54541220756323
416.0889006120306
418.64545178333174
421.2151306308742
423.79800238723305
426.39413260976806
429.00358718224936
431.6264323164912
434.26273455399377
436.91256076759316
439.5759781631199
442.2530542810653
444.94385699825676
447.64845452954086
450.36691542947517
453.0993085940286
455.84570326229004
458.60616901818565
461.3807757922048
464.1695938631346
466.97269385980286
469.7901467628304
472.62202390639135
475.4683969799829
478.3293380302036
481.2049194625404
484.095214043165
487.0002949007392
489.9202355282287
492.8551097847266
495.80499189728573
498.7699564627603
501.75007844965666
504.7454331999932
507.7560964311699
510.7821442378468
513.8236530938323
516.8806998539804
519.9533617560983
523.0417164228622
526.1458418637442
529.2658164769475
532.4017190513523
535.5536287684708
538.7216252044122
541.9057883318577
545.1061985220448
548.3229365467624
551.5560835803553
554.8057212017386
558.0719313964225
561.3547965585474
564.6543994929285
567.9708234171117
571.3041519634381
574.6544691811212
578.0218595383319
581.406407924296
584.8081996514011
588.2273204573142
591.6638565071105
595.1178943954117
598.5895211485359
602.0788242266585
605.5858915259826
609.1108113809216
612.6536725662924
616.2145642995185
619.7935762428461
623.3907985055693
627.0063216462676
630.6402366750546
634.2926350558371
637.9636087085865
641.6532500116211
645.3616518038992
649.0889073873252
652.8351105290656
656.6003554638776
660.3847368964493
664.1883500037512
668.0112904373992
671.8536543260307
675.7155382776907
679.5970393822321
683.4982552137257
687.4192838328838
691.3602237894958
695.3211741248748
699.302234374318
703.3035045695783
707.3250852413489
711.36707742176
715.4295826468879
719.5127029592769
723.6165409104741
727.7411995635758
731.886782495788
736.0533938009986
740.2411380923633
744.4501205049037
748.680446698119
752.9322228586103
757.2055557027186
761.5005524791751
765.8173209717658
770.1559695020086
774.5166069318443
778.8993426663407
783.3042866564103
787.7315494015423
792.1812419525469
796.6534759143143
801.1483634485876
805.6660172767488
810.2065506826195
814.7700775152753
819.3567121918737
823.9665697004978
828.5997656030117
833.2564160379333
837.936637723318
842.64054795966
847.3682646328061
852.1199062168848
856.8955917772499
861.695440973439
866.5195740621463
871.368111900211
876.2411759476204
881.1388882705273
886.0613715442837
891.0087490564887
895.981144710052
900.9786830262731
906.001489147935
911.0496888424143
916.1234085048063
921.2227751610659
926.3479164711641
931.4989607322606
936.6760368818918
941.8792745011754
947.1088038180299
952.3647557104115
957.6472617095667
962.9564540033007
968.2924654392625
973.6554295282469
979.0454804475122
984.4627530441148
989.9073828382609
995.3795060266742
1000.8792594859812
1006.4067807761128
1011.9622081437234
1017.5456805256267
1023.157337552249
1028.7973195510997
1034.4657675502588
1040.1628232818823
1045.8886291857254
1051.6433284126822
1057.4270648283439
1063.2399830165753
1069.082228283108
1074.9539466591523
1080.855284905027
1086.7863905138076
1092.7474117149918
1098.738497478185
1104.7597975168028
1110.811462291792
1116.8936430153715
1123.006491654791
1129.150160936108
1135.324804347985
